
 0.000744072  -0.00203891 -0.000726173 -0.000818768 -0.000181127 -0.000362942            1
-4.82052e-05 -0.000629434 -0.000289667 -0.00178404 -0.00105907 0.000659584    0.999998

-0.00014258 0.000188189 0.000471415 -8.12898e-05  -0.00155127   0.00262825     0.999995
-0.000214396 -0.000456268 -0.000548526 0.00073418 0.00113544 0.00129456   0.999998

 0.00263722  0.00184061 -0.00101157  0.00182764 -0.00052741 0.000539284    0.999998
-0.000735092   -0.0020327  -0.00100168   0.00344057    0.0014197 -0.000547836     0.999993

   0.0012863  0.000228493 -0.000313379 0.000314879 0.000551369  0.00182724    0.999998
-7.01162e-05 -0.000820047 -0.000819518 -1.04795e-05  0.000805232  1.80781e-05            1

0.000465687 0.000479145  0.00016998 -0.00144197 0.000442593  0.00136561    0.999998
0.000639693 -0.00063163 -0.00082485   0.00225124   0.00213186 -0.000162306     0.999995

8.69442e-05 0.000923943  0.00159324 -0.00055074 0.000547206 -0.00032045           1
 0.000230634  -0.00012388 -0.000177968 -0.00130458 0.000539271 0.000744549    0.999999

 0.000740266 -0.000992921  -0.00147979  0.000363703 -0.000254958   0.00106081     0.999999
-0.000305723   -0.0002828 -0.000123409   0.00152227  0.000148354 -0.000629181     0.999998

 4.24679e-05   0.00112771 -0.000362952  -0.00103163  0.000475273 -0.000559058     0.999999
 -0.00055096 -0.000197425 -0.000532394 -0.00170856 0.000604739  0.00103339    0.999998

-0.000530699  -0.00265278 -0.000924081  0.000863452 -0.000268266 -0.000928326     0.999999
-0.00147839 -0.00026438  0.00058433 0.000999582 -0.00149663 -0.00106272    0.999998

 0.00264562 0.000405159 -0.00212236  0.000594212 -0.000154887     0.002486     0.999997
-0.00161122 -0.00159165 -0.00220417   0.00265942   0.00233992 -8.85479e-05     0.999994

  0.00158111   0.00223266 -0.000987262 -0.000687185   0.00181844  0.000498032     0.999998
-0.000462849 -0.000879976  -0.00146201   0.00100576   0.00151866 -0.000532959     0.999998

  0.00137526  0.000612313 -0.000981674 -0.000136637   0.00227408    0.0017369     0.999996
-0.00150875 -0.00112524 -0.00268955   0.0013959  0.00230729 -0.00122679    0.999996

 0.00141903  0.00197598 -0.00127548 0.000162432 0.000542312   0.0021189    0.999998
-0.00067349 -0.00049335 -0.00145191 0.000940824  0.00129798 2.70718e-05    0.999999

 -5.0514e-05 -0.000807344  -0.00233376 -0.00204924  0.00185009 0.000149158    0.999996
 -0.00244301  0.000577681 -0.000732585  0.000558336  0.000198856 -0.000723612            1

 -0.00195715 -0.000941119  -0.00377547  0.00112799 -0.00104166 -0.00143864    0.999998
-0.00589618  0.00120257  0.00138005  0.00241497 -0.00265399 -0.00146362    0.999992

 -0.0012143 -0.00262191 -0.00731054   0.00175329  -0.00318536 -0.000353945     0.999993
-0.00759345 0.000120722  0.00298065  -0.00613826 -0.000308782   0.00389034     0.999973

-0.00229445 -0.00686653 -0.00913639 -0.000542877   0.00646523  -0.00246397     0.999976
-0.00998965 -0.00128456  0.00615069   0.00328445 -0.000570036  -0.00627768     0.999975

-0.00650738 -0.00706241 -0.00573937  0.00425921  0.00267523 -0.00193573    0.999985
-0.00661522  0.00146892  0.00881601   0.0125014 -0.00158175 -0.00668807    0.999898

-0.00941726 -0.00774376  -0.0041548  0.00639909 -0.00231825  0.00106366    0.999976
-0.00474793  0.00196886   0.0121256   0.00235531  -0.00474785 -0.000140998     0.999986

-0.00922771 -0.00972619 -0.00260319   0.0011753  -0.0122558 -0.00247338    0.999921
-0.00570214  0.00256266   0.0140183   -0.016667 -0.00779945   0.0100569     0.99978

-0.00890374  -0.0108748  -0.0050023   0.00151573   -0.0104079 -0.000499153     0.999945
-0.00745215  0.00326355   0.0128426 -0.00184513 -0.00571466   0.0036199    0.999975

 -0.0102215  -0.0099654 -0.00424044 -0.00545069 -0.00686439 -0.00124684    0.999961
-0.00546184  0.00479708   0.0132462 -0.0241181 0.00155285  0.0114655   0.999642

 -0.0127707 -0.00893569 -0.00540395 -0.00211144  0.00247664 -0.00230589    0.999992
-0.00784447  0.00596788   0.0136396  0.00787584 -0.00196832 -0.00497324    0.999955

 -0.0198602 -0.00778328 -0.00584992   0.00240959   0.00434253 -0.000267121     0.999988
-0.00683482   0.0117207   0.0188259   0.0141793 0.000564086 -0.00705337    0.999875

  -0.021665 -0.00219213 -0.00615501   0.00176383  -0.00140234 -0.000984221     0.999997
-0.00712611   0.0167632   0.0176756 -0.00687559  0.00393909  0.00599183     0.99995

 -0.0196475  -0.0041969 -0.00388802 -0.00159736   0.0006213 -0.00727618    0.999972
-0.00336091   0.0174766   0.0137227  -0.00937294 -0.000138111   0.00232529     0.999953

-0.0147905 0.00986665 -0.0019304 -0.00255481  0.00157175  0.00916563    0.999953
4.48363e-05    0.017081  0.00246356    0.0123581   0.00928338 -0.000570435      0.99988

  -0.0158513   0.00950601 -0.000640805 -0.00172038 -0.00141434  0.00427463    0.999988
3.56519e-05   0.0156742  0.00395495 -0.00376798  0.00209493  0.00432332    0.999982

 -0.0143699  0.00682763 -0.00139674  0.00174638 -0.00174033  0.00189962    0.999995
-0.000137224    0.0150081   0.00361759   0.00378563  -0.00304185 -0.000963449     0.999988

 -0.0112782    0.013244 -0.00446135  0.00883034 0.000893222   0.0056975    0.999944
-0.000985231    0.0138686  -0.00263909  0.0199142 0.00441038 -0.0050267   0.999779

-0.00742187   0.0143871  -0.0029515  0.00328335 -0.00414428  0.00991532    0.999937
-0.000600941    0.0143644  -0.00677647 -0.00546397 5.28892e-05  0.00610305    0.999967

 -0.0068024   0.0161559 -0.00162539   0.00258466 -0.000748378   0.00626981     0.999977
-0.00102995   0.0162224 -0.00732575   0.0248788  0.00211277 -0.00730415    0.999662

 -0.00484623    0.0169938 -0.000899143   0.00219476 -0.000727394    0.0014054     0.999996
-0.000882601    0.0153445  -0.00897561 -0.00714601  0.00429836  0.00625433    0.999946

-0.00555911   0.0224128 -0.00142309 -0.00405627 -0.00334428  0.00987219    0.999937
-0.00109103   0.0164808  -0.0126875 -0.00551735  0.00506257   0.0097794    0.999924

  0.0114799    0.015837 -0.00208905 0.00755309   0.011166  0.0182832   0.999742
-0.00348158  0.00243598   -0.016525   0.0283589    0.020459 -0.00150384    0.999387

-0.000698148    0.0142942  -0.00541234 0.00261763 0.00949247 0.00935161   0.999908
-0.00569125   0.0046835  -0.0146816      0.0139  0.00803577 -0.00475322     0.99986

 0.00330951   0.0176261 -0.00565532 0.00611941 0.00468544 0.00769543   0.999941
-0.00713106  0.00409592  -0.0165314 0.00592941 0.00678166 0.00443295   0.999949

 0.00502184   0.0182981 -0.00345244 -0.00164088 -0.00313159  0.00920943    0.999951
-0.00672091  0.00518976  -0.0202673 -0.00665799 0.000697729   0.0115747    0.999911

 0.00577337   0.0196258 -0.00503586 -0.00854384 -0.00282316   0.0038284    0.999952
-0.00735172  0.00322757  -0.0197753 -0.00884073  0.00392428   0.0100102    0.999903

  0.0132141   0.0196885 -0.00424334  0.00313332 -0.00941061 -0.00486573    0.999939
-0.00882721  0.00143405   -0.021326  -0.00359067   -0.0113251 -0.000287926      0.99993

  0.0154263   0.0175634 -0.00395795 -0.00114086 -0.00609567 -0.00136094     0.99998
 -0.0075267 -0.00262948  -0.0241448 -0.00454211 -0.00310341   0.0064871    0.999964

  0.0186399   0.0184602 -0.00150116 -0.00353061 -0.00585117  0.00535018    0.999962
-0.00530789  -0.0055784  -0.0253573 -0.00748975  -0.0022619  0.00451848    0.999959

  0.0175039   0.0147892 -0.00095808 -0.00529831  0.00260722 0.000455799    0.999982
  -0.003856 -0.00834305  -0.0241521 0.00258937  0.0107775 0.00597368   0.999921

   0.0203459     0.011343 -0.000597437  -0.00171525 -0.000355312 -0.000376472     0.999998
-0.00290293  -0.0103905  -0.0207453  0.00932653 0.000789289 -0.00445267    0.999946

 0.0162535 0.00935378 0.00246085   0.0018456 -0.00253656  0.00314705     0.99999
-0.00188247  -0.0104154  -0.0175357  -0.0103792 -0.00455651  0.00719234     0.99991

 0.0188667  0.0101052 0.00102416  0.00610033 -0.00804075  0.00478334    0.999938
-0.00340785 -0.00783664  -0.0161143  0.00396171 -0.00334961  0.00248758    0.999984

   0.0148731   0.00872226 -0.000252059  0.00827631 -0.00975045 0.000102079    0.999918
-0.00395244 -0.00871822  -0.0139184  0.00445451  -0.0168267 -0.00252426    0.999845

  0.0175901  0.00534243 -0.00136373   0.0058446 -0.00964379 -0.00745977    0.999909
-0.00444422  -0.0110042  -0.0137511   -0.004856  -0.0116513 0.000321163     0.99992

  0.0206375 -0.00280717  0.00160066 -0.000777245   0.00104274  -0.00420685      0.99999
-0.00064995  -0.0194416   -0.010855   -0.0157068  -0.00684004 -0.000821656     0.999853

  0.019013 0.00199882 0.00268114 -0.00716623 0.000860655  0.00524831     0.99996
0.00265672 -0.0191036 -0.0121849  -0.00151125   0.00117161 -0.000308894     0.999998

  0.0190764 -0.00305866  0.00501713 0.000816933  0.00340695 -0.00382509    0.999987
0.00117715 -0.0181036 -0.0101607   0.0041308  0.00258344 -0.00339267    0.999982

    0.01794 -0.00208348  0.00368006 -0.00415989  0.00653587 -0.00374561    0.999963
0.00455404 -0.0178702 -0.0115579 -0.00801002  0.00263493 -0.00325088    0.999959

  0.0174232 0.000722045  0.00694297 -0.0110917  0.0057461 0.00392707   0.999914
0.00355663 -0.0173544 -0.0111299  0.0100029  0.0154366 0.00343387   0.999825

  0.0173544 -0.00130367  0.00329942 0.000977226 -0.00121807  0.00417603     0.99999
 0.00222515  -0.0160794 -0.00829016 -0.00425807  0.00239265  0.00701265    0.999963

  0.0135285 -0.00246363  0.00228106 -0.00276064 6.91425e-05 -0.00890545    0.999957
0.000814798  -0.0122458  -0.0061565 -0.00814085  -0.0120911  -0.0084655    0.999858

  0.0117572 -0.00412354  0.00220485 -0.00359518  -0.0022133 -0.00958276    0.999945
0.000683051  -0.0116061 -0.00415885 -0.0227167 -0.0130264 0.00399401   0.999649

  0.0110787 -0.00377481 0.000844686  0.00386674 -0.00646914 -0.00763741    0.999942
-0.000760475   -0.0101406  -0.00334774 -0.00560891   -0.018963 -0.00814062    0.999771

  0.0105036 -0.00441641  0.00116068 -0.00295336  0.00109144 -0.00670293    0.999973
  0.0042771  -0.0083733 -0.00108014  -0.0398459 -0.00899031 -0.00229224    0.999163

  0.0105494 -0.00532243 -0.00065225 -0.000756317 -0.000656164  -0.00330986     0.999994
 -0.00546801   -0.0168537 -0.000978143 0.0391483 0.0161969 0.0035232  0.999096

 0.0108644 -0.0106404 -0.0035152 -0.000884595   0.00486506  -0.00772315     0.999958
-0.00321183  -0.0141927  0.00368775  -0.00350178   0.00460561 -0.000613646     0.999983

  0.0103137  -0.0150489 -0.00438477 -0.000284527   0.00171106  -0.00789643     0.999967
-0.0052835 -0.0148747 0.00720418 -0.00267102 -0.00683028 -0.00623097    0.999954

0.0152396 0.0132618 0.0075803 -0.00225642 -0.00152555   0.0187652     0.99982
 0.00112149 -0.00632748  -0.0151004  0.0104015 0.00735118  0.0144799   0.999814

 0.0109169 0.00953136 0.00323746 0.00388734  0.0012134  0.0186218   0.999818
1.53119e-05 -0.00983842   -0.010236    0.01452 0.00561868 0.00931504   0.999836

  0.0260211  0.00689514 0.000873995  0.00888052 -0.00386087   0.0417625    0.999081
0.000390428  -0.0185832 -0.00753522  0.0300269 0.00556819  0.0221006   0.999289

-0.00405529 -0.00130411   0.0187786   -0.01481 0.00877774 -0.0397031   0.999063
 0.0171061 0.00756276 -0.0054234  -0.0303668 -0.00622886  -0.0250311    0.999206

-0.00458042 -0.00441965   0.0138565 -0.00478228  0.00973134  -0.0442259    0.998963
 0.0139881 0.00499675 0.00212517  -0.024104 -0.0179842 -0.0265021   0.999196

-0.00767027 -0.00845133   0.0084695 -0.0127032  0.0159971 -0.0447664   0.998789
 0.00961605 0.000492761   0.0085155  -0.018655  -0.019976 -0.0401524   0.998819

-0.00712604 -0.00922929  0.00227579 -0.00937882   0.0247438  -0.0502867    0.998384
   0.004094 0.000724626   0.0118423 -0.0133656 -0.0158328  -0.034398   0.999193

-0.00759469  -0.0103864  0.00286923 -0.00676974   0.0112389  -0.0340239    0.999335
  0.00223626 -0.000475667    0.0137461 -0.0257788 -0.0153889 -0.0122925   0.999474

 -0.00823017      -0.0112 -0.000453466 -0.0040997   0.012513  -0.039645   0.999127
-0.00171679 0.000245323   0.0159858 -0.0171143 -0.0249446 -0.0229029    0.99928

-0.00769444  -0.0140748 -0.00423868 0.00249411  0.0100697 -0.0380113   0.999223
-0.00586493 -0.00043666    0.016337 -0.00975646  -0.0290405  -0.0216579    0.999296

-0.00937952  -0.0112389 -0.00480873  0.0021424 0.00478549 -0.0277058   0.999602
 -0.0081671 -0.00117709   0.0146421 -0.00649363  -0.0186353   -0.012764    0.999724

-0.00877846  -0.0126385 -0.00758229  0.0070119 0.00502134 -0.0220998   0.999719
-0.00986592 -0.00190369   0.0130717 0.00590698  -0.016643 -0.0151957   0.999729

-0.00770554  -0.0119199 -0.00613019 0.00514864 0.00564648 -0.0253267    0.99965
-0.00965436 -0.00175823   0.0126415 -0.00393139  -0.0193207  -0.0129788    0.999722

-0.00895628 -0.00818189 -0.00474233  0.0014142 0.00574204 -0.0229623   0.999719
 -0.00775867 -0.000113403   0.00952476  -0.0166957  -0.0169427 -0.00579152      0.9997

-0.00886572 -0.00698183 -0.00303123 -0.00222018  0.00944747  -0.0248062    0.999645
-0.00652381 0.000111272  0.00977745 -0.0159267 -0.0201675  -0.008207   0.999636

 -0.0103487 -0.00717061 -0.00277039 -0.0019697 0.00897571 -0.0277139   0.999574
  -0.0077144 -0.000603464    0.0118387   -0.019814  -0.0203299 -0.00586614     0.99958

0.00594746 0.00912087 0.00215748  0.0178219 -0.0184154  0.0124791   0.999594
 0.00123784  0.00392687 -0.00878911   0.0187385 -0.00622246 0.000391436    0.999805

 0.00593704  0.00822957 -0.00526023    0.03766 -0.0270026  0.0177544   0.998768
-0.00707458  0.00390244  -0.0087628   0.0585593  0.00217852 -0.00498539     0.99827

  0.0107415 -0.00214867  -0.0204466  0.0269205 -0.0138779 0.00796527    0.99951
 -0.0211935  0.00237749 -0.00460959   0.052208 0.00456834 -0.0107545   0.998568

 0.00965245 -0.00268727   -0.021361   0.0137475 -0.00340468 -0.00234887    0.999897
 -0.0224582  0.00397788 -0.00148467  0.0264582 0.00078597  -0.011275   0.999586

 0.00786231 -0.00211935   0.0259261 -0.0234956  0.0104595   0.010876    0.99961
  0.0241398 -0.00894028 -0.00416809 -0.0156698  0.0168437  0.0123073    0.99966

0.000374279 -0.00482773   0.0240302  -0.0389515   0.0114604 -0.00514522    0.999162
  0.0248934 -0.00857423  0.00518521 -0.0580854 0.00420565  0.0177014   0.998145

-0.00333035 -0.00308699    0.024357  -0.0365946  0.00370618 -0.00752011    0.999295
  0.0208746 -0.00793555  0.00854507 -0.0498898 0.00889715   0.019236    0.99853

0.00372102 -0.0104991  0.0172993 -0.0305789 0.00817691 0.00734864   0.999472
 0.013756 -0.012059 0.0128197 -0.0218836  0.0214995  0.0114551   0.999464

 0.0037696 -0.0145396  0.0113944 -0.0129108 0.00460532  0.0146546   0.999799
0.00804981 -0.0128762  0.0166604 -0.00367332    0.015914  0.00350083     0.99986

-0.00208635  -0.0204266     0.01255  -0.0134567   0.0042163 0.000640902      0.9999
0.00784436 -0.0086528  0.0219584 -0.0205256 0.00310627 0.00639342   0.999764

-0.00517614  -0.0223261  0.00958355 -0.00782286  0.00380536  -0.0152165    0.999846
 0.00508097 -0.00418231   0.0238556  -0.0171328 -0.00675237  9.9671e-05     0.99983

-0.00695685  -0.0219007    0.014397  -0.0125782 0.000560213 -0.00486682    0.999909
 0.00696841 -0.00519125   0.0249718  -0.013277   0.006556 0.00581813   0.999873

-0.00367933  -0.0220801   0.0172913 -0.00686658  0.00286786   0.0041495    0.999964
 0.00761681 -0.00483245   0.0276506 -0.00652495  0.00547686  0.00494683    0.999951

-0.00814703  -0.0238953    0.014973 0.00018638 -0.0025726 -0.0135874   0.999904
 0.00776453 -0.00116524   0.0294712 -0.0227478 -0.0110475 0.00568117   0.999664

-0.00733685  -0.0228955   0.0170374   -0.014955 -0.00477765 -0.00898052    0.999836
 0.00547104 -0.00129649   0.0247122 -0.0118619 0.00138995 0.00669679   0.999906

 -0.003736 -0.0214411  0.0110546 -0.00881204 -0.00319132   -0.010283    0.999903
  0.0031542 0.000720868   0.0220966  -0.0151507 -0.00425056  0.00312232    0.999871

-0.0129574 -0.0191199  0.0112379  -0.00953513 -0.000575556  -0.00751167     0.999926
0.00134454 0.00166625  0.0211398 -0.0126173 0.00117044 0.00468795   0.999909

-0.00616088  -0.0163533   0.0100125  0.00838659  -0.0101671 -0.00206158    0.999911
 0.00021418 0.000309817   0.0254243    0.0038347 -0.000774671   0.00421362     0.999983

-0.00830517  -0.0191497   0.0113045 -0.000907178   0.00222104  -0.00618798     0.999978
0.00242225 0.00141838   0.026804 -0.000359633  -0.00891743  -0.00531045     0.999946

-0.00759085  0.00586645  -0.0125058  -0.00986582 -0.000528438  -0.00776044     0.999921
 -0.0107664  0.00276162 -0.00872509 -0.0182449 0.00180523 0.00365222   0.999825

-0.00760498 -0.00761148 -0.00467554  -0.0183951 -0.00608419  -0.0263164    0.999466
 -0.00947534   0.00152409 -0.000812675 -0.0411674 -0.0106488  0.0231448   0.998827

-0.0131767 -0.0280854 0.00796454 0.00174037 -0.0110957 -0.0356947     0.9993
-0.00846512  0.00492947   0.0269596  -0.049791 -0.0237986  0.0267115   0.998119

-0.00180373 -0.00833837  0.00380896    0.012162 -0.00906391 0.000226662    0.999885
-0.00221809  0.00207977  0.00830244   0.0102949 -0.00451845  0.00145518    0.999936

-0.00154307  -0.0115463   0.0051376  0.00470234  0.00333493 -0.00444883    0.999973
-0.000767823   0.00192232    0.0117971 -0.00422365  -0.0087995  0.00229317     0.99995

-0.0024776 -0.0116368 0.00319121    0.0063951  -0.00131324 -0.000782905     0.999978
-0.00426529  0.00194302   0.0113356  0.0307109 0.00454764  -0.011157   0.999456

-0.00461602 -0.00888553  0.00342554  0.00735908  -0.0067211 -0.00637819     0.99993
-0.00478352  0.00483368   0.0118483  -0.0220912 -0.00637154   0.0113233    0.999672

   0.0266453    0.0337706 -0.000423388 -0.0131261 0.00502091  0.0235648   0.999624
 0.0175926 0.00200363 -0.0415599   0.0238841   0.0279056 -0.00395704    0.999317

  0.023275  0.0333142 0.00199168  -0.00365466 -0.000730707    0.0122917     0.999918
  0.0166048 0.000180406  -0.0377778 -0.00199522    0.011051  0.00470693    0.999926

 0.0215232  0.0281297 0.00368388 -0.00052824 -0.00962873   0.0204464    0.999744
 0.0149502 -0.0012384 -0.0348209  0.0190909  0.0162844 0.00319291    0.99968

 0.0131691  0.0295284 0.00758531 -0.00476701 -0.00395339  0.00894123    0.999941
 0.0164028  0.0041207 -0.0358153 -0.00123626 -0.00138152 0.000871212    0.999998

 0.0174989  0.0342395 0.00587942   0.0176662 -0.00186662   0.0139726    0.999745
 0.0125813 0.00244426 -0.0357711  0.0391526 0.00915337 -0.0077683   0.999161

 0.0148172  0.0351886 0.00956327  0.00453725 -0.00370713   0.0334592    0.999423
  0.0125601 0.000949619  -0.0341218  0.023305 0.0236057 0.0053267  0.999436

   0.01069  0.0295578 0.00799235 -0.00502906   0.0101448  0.00321309    0.999931
  0.010335 0.00439007 -0.0281708 0.00853806   0.006702 -0.0062919   0.999921

0.00848505  0.0281271 0.00555179 0.00911984 0.00111177  0.0121368   0.999884
0.00922063 0.00504063 -0.0252492   0.0226299  0.00482008 -0.00509975    0.999719

0.00619506  0.0227411 0.00828934 -0.00194352 -0.00293914  0.00864334    0.999956
0.00987026 0.00409227 -0.0213209 -0.00331802   0.0070626   0.0102208    0.999917

0.00680312  0.0193456 0.00889435 -0.00172942 -0.00863915  0.00782379    0.999931
0.00788336 0.00165888 -0.0178073 -0.0028697 0.00159994    0.00819   0.999961

0.00688512   0.017383 0.00228337  0.0150732 -0.0060082 0.00652142   0.999847
0.00114652 0.00108041 -0.0156646   0.0233244 -0.00435585 -0.00480826    0.999707

 0.00317229   0.0175216 -0.00309338    0.0262054   -0.0110789 -0.000650374     0.999595
-0.00354566 0.000467621   -0.011018   0.0137238  -0.0205289 -0.00271105    0.999692

 0.00824742  0.00855867 -0.00766177   0.0313867  -0.0158042 -0.00807449     0.99935
 -0.0109984  0.00130708 -0.00671701  0.0298404 -0.0255903 -0.0165025   0.999091

  0.0128426   0.0164901 -0.00415068  0.0366396 -0.0160378 -0.0112641   0.999136
  -0.0135376 -0.000600859  -0.00358775   0.015552 -0.0220337 -0.0113193   0.999572

 0.00802796 0.000798364  -0.0145984    0.033151 -0.00717482 -0.00229508    0.999422
 -0.0165403 -0.00151365 -0.00368469  0.0356528 -0.0143278 -0.0185815   0.999089

  0.0104891 -0.00403523  -0.0212422  0.0215278 0.00321042 0.00383069   0.999756
 -0.0204868 -0.00811574 -0.00451171   0.054811  0.0115091 -0.0157486   0.998307

   0.014978 -0.00427911   -0.012533 -0.00319763  0.00343957   0.0088391     0.99995
 -0.0124253  -0.0106618 -0.00601607 -0.0130886 0.00988962  0.0182033     0.9997

  0.0121551 -0.00136073 -0.00487978  -0.00680548 -0.000675819    0.0131952      0.99989
-0.00667163 -0.00818488 -0.00727832 -0.00725573  0.00423447   0.0168708    0.999823

   0.0100107 -0.000409131  -0.00157597  0.00069376 -0.00526314   0.0177938    0.999828
-0.00108739 -0.00393897 -0.00894558  0.0197725 0.00831999 0.00814791   0.999737

0.00447634 0.00607816  0.0189194 -0.0227357 -0.0118491  0.0101113    0.99962
  0.0126864  0.00396763 -0.00790513 -0.0264271 0.00197562  0.0332458   0.999096

0.00348214 -0.0090028 0.00228296 -0.0169468 -0.0108914 0.00509995   0.999784
0.00190104 0.00204469 0.00864935 -0.0141088  -0.011924  0.0330484   0.999283

 -0.0137982 -0.00880197 -0.00512151  0.0089734  0.0100677 -0.0201585   0.999706
-0.00211439  0.00247937   0.0143371 -0.000627365  -0.00588157  -0.00978401     0.999935

 -0.0205627  -0.0140656 -0.00824147 -0.00947447  0.00436765   -0.011264    0.999882
-0.00726041  -0.0061416   0.0227143 -0.0326683 -0.0039203 0.00712675   0.999433

-0.0164209 -0.0131435  0.0015658 -0.0236483   0.015875 -0.0133293   0.999505
 -0.00210611 -0.000696045    0.0208699   -0.0405435 -0.000211985   0.00796166     0.999146

 -0.0171711  -0.0176484 -0.00348979   0.00649137  -0.00450527 -0.000824328     0.999968
-0.00930784 -0.00271771   0.0244221  0.00266367 -0.00580381 -0.00120413    0.999979

 -0.0203093   -0.022095 -0.00472365  0.00365961  0.00351484 0.000670862    0.999987
 -0.0109214 -0.00618573   0.0297477   0.0258945  0.00607212 -0.00856647    0.999609

 -0.0225407  -0.0221026 -0.00153579 -0.00779916  0.00047865 -0.00103965    0.999969
  -0.008514 -0.00349629   0.0320066  -0.0201274 -0.00106831  0.00520067    0.999783

   -0.02598  -0.0176854 -0.00164343  0.000225469 -0.000853201  -0.00642204     0.999979
-0.00967671  0.00107103   0.0311499  -0.0124027  -0.0102607 5.77585e-05     0.99987

 -0.0264602  -0.0174022 0.000250307  -0.0058934 -0.00943524 7.13684e-05    0.999938
-0.00674116  0.00545189   0.0312227 -0.0445127 0.00355436  0.0223174   0.998753

  -0.0270308   -0.0144613 -0.000728058 -0.0114002 -0.0158397 0.00245904   0.999807
-0.00927417   0.0100954   0.0297407  -0.0206551 -0.00531218   0.0104085    0.999718

 -0.0225586 -0.00556313 -0.00342663  0.00141202  0.00816887 -0.00781273    0.999935
-0.00856682   0.0113496   0.0217568  0.00875997 -0.00422344 -0.00983191    0.999904
